8.959800918972860018e+00
8.311395269799959351e+00
9.129559703779932534e+00
1.211186425820187651e+01
9.289028497505569248e+00
9.617048633003832947e+00
1.175708224110394440e+01
1.007830356059002952e+01
1.006071418174769860e+01
9.367687958672377135e+00
1.134161976779068937e+01
1.057099655810134209e+01
9.903225546281646530e+00
9.419122726228579268e+00
1.051623346626229250e+01
1.105805605305931749e+01
9.948857133679211984e+00
9.462694379180902615e+00
1.002748067691072720e+01
1.122515058682438394e+01
