5.154073126353878598e-01
7.338791578331264054e-01
4.338849275023887730e-01
7.290347743091342148e-01
4.185031447415520911e-01
4.418271503316491544e-01
7.644042721095634096e-01
4.972231467021319129e-01
5.171813646101817152e-01
4.664729876353951310e-01
8.709527028111484492e-01
6.843735029121568170e-01
5.714512925496422202e-01
4.953688890770192588e-01
7.416372679119287437e-01
8.699624205239860908e-01
6.168676492202197492e-01
5.256165878638280331e-01
6.578665722859382559e-01
9.571130380764902856e-01
