5.433183593750000284e+01
6.795653228759765341e+01
4.800312385559082173e+01
4.333428802490234233e+01
4.375794067382812358e+01
4.109932899475097656e+01
4.399147644042968608e+01
3.843596954345703409e+01
3.805766754150390341e+01
3.973067512512206889e+01
4.775393905639648295e+01
4.082541046142578267e+01
3.888137855529785014e+01
3.814990386962890767e+01
4.256108856201171875e+01
4.729232788085937500e+01
3.945739822387695028e+01
3.802789154052734233e+01
4.003111495971679545e+01
5.056035995483398438e+01
