7.661597286892103398e+01
8.754715937041834195e+01
7.147754197898291295e+01
5.327126300103891765e+01
6.594007622329594653e+01
6.071452320334777397e+01
5.272621189653155938e+01
5.498738595206434354e+01
5.403021160649169730e+01
5.794376364950430514e+01
5.377559660534547703e+01
5.148955615520242901e+01
5.234616338439206373e+01
5.480296994587031634e+01
5.177276204429941941e+01
5.318260551096435051e+01
5.138923262285870663e+01
5.329812108849790775e+01
5.128669883105558114e+01
5.498595181449013580e+01
