2.350407318115234432e+02
3.166893714904784929e+02
3.526629531860351676e+02
3.482079856872558707e+02
2.871241867065429574e+02
2.995507461547851449e+02
2.153787628173828068e+02
2.432269104003906364e+02
2.355568634033203068e+02
3.111128707885742415e+02
2.245594711303710938e+02
2.375476593017578182e+02
2.317109024047851449e+02
2.911040710449218523e+02
2.300922134399414176e+02
2.345139114379882699e+02
2.296060974121093636e+02
2.700160247802734261e+02
2.331748168945312614e+02
2.336783981323242188e+02
