3.043038029297967455e+02
4.265816034143905426e+02
4.655994027115067411e+02
4.617868040825212574e+02
3.999377414199960867e+02
4.138767159464449037e+02
3.053327440172548677e+02
3.637178542402697303e+02
3.520430722725236592e+02
4.310965952221054067e+02
3.117108637577284753e+02
3.546210037806339415e+02
3.414184758517676528e+02
4.153683070515109534e+02
3.182715881259792354e+02
3.463284098383045944e+02
3.338977208395610887e+02
3.988454243069683685e+02
3.280880012719176193e+02
3.366755422094006462e+02
