8.381439778304411448e+02
8.192020015940215671e+02
8.207102894175477559e+02
8.202507288501692528e+02
8.161518508131848648e+02
8.152771428626692796e+02
8.113959103184242849e+02
8.094307730743821594e+02
8.070517554870093591e+02
8.110702316344031715e+02
8.040815441745507997e+02
8.040926365993072977e+02
8.022172022492668475e+02
8.063900961019498936e+02
7.999626996024744585e+02
8.000702885624377814e+02
7.984970238794630859e+02
8.020939122843628866e+02
7.965428989109568647e+02
7.962070586131630989e+02
