6.359579505690531320e-01
5.085332781922431433e-01
5.554493318680930880e-01
5.483665974145700561e-01
4.657065553854415896e-01
4.791344812031951284e-01
4.568819877170245403e-01
4.043959722065200713e-01
4.039092913977930799e-01
4.853945611215356171e-01
4.709076062299025200e-01
4.076567538299752380e-01
4.212490397864551150e-01
4.522788362017492458e-01
4.699804939865065978e-01
4.200883736165462179e-01
4.366900513187495503e-01
4.190396434922328273e-01
4.563557108208027846e-01
4.422534294810295252e-01
